gender,shell_length,shell_width,shell_height,body_mass,soft_tissue_mass,visceral_mass,shell_mass,age_in_years
male,10,5,2,100,50,20,30,1
female,11,6,3,110,60,30,40,2
male,12,7,4,120,70,40,50,3
female,13,8,5,130,80,50,60,4
male,14,9,6,140,90,60,70,5
female,15,10,7,150,100,70,80,6
male,16,11,8,160,110,80,90,7
female,17,12,9,170,120,90,100,8
male,18,13,10,180,130,100,110,9
female,19,14,11,190,140,110,120,10
male,20,15,12,200,150,120,130,11
female,21,16,13,210,160,130,140,12
male,22,17,14,220,170,140,150,13
female,23,18,15,230,180,150,160,14
male,24,19,16,240,190,160,170,15
female,25,20,17,250,200,170,180,16
male,26,21,18,260,210,180,190,17
