gender,shell_length,shell_width,shell_height,body_weight,soft_tissue_weight,visceral_weight,shell_weight,age
male,10,5,3,100,50,20,30,1
female,11,6,4,110,60,20,40,2
male,12,7,5,120,70,20,50,3
female,13,8,6,130,80,20,60,4
male,14,9,7,140,90,20,70,5
female,15,10,8,150,100,20,80,6
male,16,11,9,160,110,20,90,7
female,17,12,10,170,120,20,100,8
male,18,13,11,180,130,20,110,9
female,19,14,12,190,140,20,120,10
male,20,15,13,200,150,20,130,11
female,21,16,14,210,160,20,140,12
male,22,17,15,220,170,20,150,13
female,23,18,16,230,180,20,160,14
male,24,19,17,240,190,20,170,15
female,25,20,18,250,200,20,180,16
male,26,21,19,260,210,20,190,17
female,27,22,20,270,220,20,200,18
male,28,23,21,280,230,20,210,19
